num_layers:2
parameter:0
dims:[(100, 8)]
name:coefficient
values:[-1.75355278e-01  3.37107902e-02 -4.81192385e-02  1.16143556e-02
  1.58988906e-01  6.46718635e-02  1.34044013e-01 -6.52889411e-04
 -1.80683864e-01 -5.46053267e-02 -1.26611768e-01  1.43754388e-01
 -9.65901089e-02 -6.02088595e-02  9.49270963e-02  7.59853154e-02
 -2.50341785e-01 -3.22100561e-02 -5.58738192e-02  2.19448064e-01
  2.21540696e-01 -2.35139140e-01  6.59602673e-02  3.95865918e-02
 -4.32781623e-02  8.01321832e-02  5.20370442e-02  1.55152931e-01
 -2.39909396e-02 -9.92275222e-05  4.72437248e-02  5.07334407e-02
 -9.62034237e-02  2.93814124e-02 -2.14497743e-01  3.04556224e-01
 -1.08384626e-01 -2.48768859e-01 -7.81775732e-02  6.40045230e-02
 -1.94061911e-01  2.09273410e-01 -1.17219942e-01 -8.97901071e-02
 -1.75902850e-01  1.12110917e-01 -1.90963284e-01  1.62222615e-01
 -1.66843752e-01 -2.12377089e-01  2.28445874e-01 -6.44779425e-02
  2.95396836e-01  1.89824800e-02  6.66155873e-02 -3.39586433e-03
 -1.52912800e-01  6.74957442e-02  1.66321086e-01 -2.92825375e-01
  4.78259440e-02  3.40610647e-01  6.21141688e-02  8.87791225e-02
 -9.56878317e-02 -1.77353750e-02  7.00905404e-02  1.32874522e-01
  4.67632591e-04  6.57293781e-02  1.18353080e-01 -6.62514935e-02
 -2.40753653e-01  4.17976392e-02  2.14241184e-02 -1.02389359e-01
 -2.71796036e-01  2.82366219e-01 -9.96834514e-02  1.61816147e-01
 -9.65952900e-02  9.97564495e-02  9.53609750e-02 -1.15930389e-01
  4.36007038e-02  1.57449827e-01  8.92461811e-02 -4.68336965e-02
 -1.59792027e-01 -2.02435723e-01  1.04986064e-01 -1.74136492e-01
  1.95711612e-01 -7.31466062e-02 -7.39314440e-03 -2.62041350e-02
 -2.47747772e-01  1.95054278e-01 -4.13299425e-02 -6.20551292e-02
 -1.98369016e-01  3.42421216e-02 -9.77727023e-02  1.31457812e-01
 -1.23291792e-01 -2.21385038e-01  9.33216556e-02 -2.35496995e-02
  1.41290575e-01  4.74869598e-02  1.30081610e-01 -3.50435391e-02
 -1.96338707e-01 -6.50945498e-03  4.23858079e-02 -2.47647185e-01
  2.24737798e-02  2.88968293e-01  2.26430589e-02  9.08108270e-02
 -6.02307588e-02 -3.69661976e-01  2.69872852e-01  1.15010041e-01
  4.49775959e-01 -1.52695960e-01  2.28690853e-01 -2.96476931e-01
 -6.96045219e-02  2.19148646e-01 -9.57730885e-02 -1.58606955e-01
 -2.86095543e-01  1.46703141e-01 -1.52436943e-01  2.05151566e-02
 -6.38510405e-02  2.29102630e-01 -1.80994788e-01  1.63460485e-01
 -1.62990386e-01 -8.34998163e-03  4.42038399e-02 -3.31763769e-02
 -1.57394728e-01  5.75018696e-02  1.17175283e-01 -3.40612474e-01
  1.74100111e-02  2.93786861e-01  4.23226554e-02  6.04103190e-02
 -1.32320624e-01 -8.61900773e-02 -5.37781453e-02  6.34334754e-02
  5.89817806e-02 -1.71051131e-01 -4.97889541e-02 -7.54123780e-02
 -2.54393119e-01 -2.14904807e-01  6.98579206e-02  5.26143904e-02
  2.40199139e-01 -4.05393901e-02  9.41082484e-02 -8.11646177e-02
 -2.40628822e-01 -7.66482388e-02  1.35718937e-01  1.03558788e-01
  1.17003732e-01 -2.45560170e-02  6.92351938e-02 -7.78283561e-02
 -7.27902708e-02  5.75875186e-02 -6.45098303e-02  1.05128734e-01
  9.78841195e-02 -7.19110605e-02  1.13566588e-01  1.33034590e-01
 -1.61144161e-01 -1.90649357e-03  7.73708997e-02 -1.62133217e-01
 -1.08682709e-01  8.32219909e-02  1.69776107e-03 -3.30552176e-02
 -2.07442366e-01  4.90899266e-02 -5.83575073e-02 -3.65519620e-02
 -1.07788382e-01 -7.54232804e-02 -1.43953776e-01  8.82230922e-02
 -3.01251100e-02 -2.59007115e-01  1.85862057e-01 -7.56873682e-02
  1.98731083e-01 -1.00906563e-01  3.65767093e-02  3.48220151e-02
 -9.80522950e-02  2.12097025e-02  1.03209345e-02 -2.57367572e-01
 -1.16842275e-01  2.87853968e-01 -7.98894170e-02  7.35295961e-03
 -1.60109005e-01 -1.22409866e-01 -6.10840390e-02  8.99299394e-02
  2.38244190e-01 -2.08868731e-01  5.51695453e-02 -1.45192837e-01
 -2.30778808e-01 -1.31987361e-02  5.12430599e-02  7.41397982e-03
 -5.17386871e-02 -8.87913014e-02  3.32913425e-03 -4.30866312e-02
 -2.00357885e-01 -3.41631377e-02  1.01281564e-02  7.26523752e-02
 -2.72228061e-02 -2.14461466e-01  1.25845975e-01 -1.47441667e-01
 -1.77505198e-01 -2.22968429e-01  6.93907915e-02  6.90532941e-02
  2.23201506e-01 -2.15077257e-01  1.28627007e-02  1.58469539e-02
 -9.32887066e-02  1.06285281e-02  1.40099095e-01 -7.49511628e-02
 -5.88406213e-02 -7.49045183e-02 -5.99336771e-02  7.65638649e-02
 -1.08030975e-01 -9.54449938e-02  1.87531370e-01  1.39523948e-02
  1.05708943e-01  1.14414664e-01  7.17803775e-02  9.31864201e-02
 -2.23434066e-01  7.22635045e-02  1.12797600e-01 -9.86274505e-03
 -1.20592550e-01  1.14462636e-01  1.67919598e-02  1.23404465e-01
 -1.24971891e-01 -9.92987989e-02  1.40809251e-01 -1.20637784e-01
  2.62759295e-01 -1.05454818e-01  6.43541977e-02 -9.72184733e-02
 -2.09021071e-01 -4.09087078e-02  1.00260819e-01 -1.83046200e-01
  4.57164863e-02  2.60252437e-01  9.49764895e-02 -4.80582493e-02
 -2.14264150e-01  2.58370424e-01 -4.24388763e-02 -2.27750926e-02
 -1.47643033e-01  2.33715710e-01 -1.88275863e-01  2.13623057e-02
 -2.14219778e-01  9.95541170e-02  6.85156436e-02  1.35245725e-02
 -1.15940912e-01  1.55057793e-01  8.52086090e-02  9.20172898e-02
 -1.64238396e-01  6.49202964e-02 -5.63216554e-02  1.40600092e-01
  1.15066577e-01 -5.04834626e-02  2.13024856e-02  2.30478076e-02
 -1.42695542e-01  1.12003230e-01  1.73188868e-01 -2.86849428e-01
 -4.75357881e-02  3.38344314e-01 -5.36555701e-02  9.03426355e-04
 -2.16967298e-02  2.11114529e-02  1.72030702e-01 -2.93050815e-01
 -6.03733197e-02  3.81775603e-01  6.86953334e-03  1.69207089e-01
 -2.32189676e-01 -7.77501413e-02  1.17764238e-01 -5.62580388e-02
  1.35600965e-01 -1.49376166e-01  1.16573248e-01 -2.40562527e-02
 -8.87525975e-02  2.05955292e-01  2.38198388e-02 -1.57111118e-01
 -2.08393688e-01  3.40918623e-01 -2.40317265e-02  1.93334917e-02
 -1.74937834e-01 -1.98878601e-02  1.62255494e-01 -1.47570202e-01
  2.14415278e-01 -5.91509245e-02  7.47082534e-02 -2.78969442e-02
 -1.99562318e-01 -3.79924135e-02 -5.29785897e-02 -6.48955710e-02
  7.88232437e-02 -1.13613494e-02  8.87038933e-02  5.36499647e-02
 -3.40863997e-02 -2.65812566e-02 -2.67230189e-02  8.48165596e-02
 -9.56295342e-03  4.93402171e-02 -1.99183627e-02  1.00465532e-01
 -1.48151396e-01 -2.15311106e-01  1.78719328e-01 -5.82160172e-02
  1.56385163e-01 -1.02405614e-01  1.94991279e-01 -4.09881056e-02
 -2.08591127e-01  1.99681658e-01 -6.78538781e-02  8.43296457e-02
 -1.71868418e-01  6.56857038e-02 -3.19501678e-02 -5.90879650e-03
 -8.94107848e-02 -6.44891377e-02  6.52612232e-03 -2.23160043e-02
 -7.87416646e-02  1.29793731e-01  1.21350194e-01  1.22874928e-01
 -8.90718258e-02  1.11257653e-01  6.14548889e-02 -1.98551056e-01
 -2.03010247e-01  7.09267395e-02 -1.52593392e-01  3.32154903e-02
 -1.54428300e-01 -1.46117217e-01  1.40619967e-01  9.51980198e-02
  2.60813978e-01 -1.29146053e-03  1.40524419e-01 -1.06566051e-01
 -1.41716724e-01 -8.64740740e-02 -1.22710100e-01  7.88627850e-03
  2.98097593e-02 -7.75402453e-02  7.19364237e-02 -1.40929140e-01
 -1.62610611e-01  3.12131953e-02 -1.16790927e-01  3.27109726e-01
  1.96572954e-01 -3.37626359e-01  5.35919365e-02 -1.25588049e-01
 -2.04060826e-01 -9.83014848e-02  1.43387596e-01 -2.62377821e-02
 -8.24070110e-02  1.96815438e-01 -8.46157915e-02 -1.04471388e-01
 -1.59912812e-01 -1.35507394e-01 -2.03381377e-02 -1.23248663e-01
  9.29132984e-02 -4.59644995e-02  7.72700427e-02  5.89732271e-02
 -1.83948770e-01  5.10697889e-02  4.04560144e-02 -1.65331057e-02
 -6.22007503e-02  1.31503057e-01  1.32299417e-01 -4.59638418e-02
 -5.00986797e-02  2.21646869e-02  1.17769936e-01 -1.21402393e-01
  5.04565430e-03  2.63977150e-02 -4.86051296e-02  6.16230700e-02
 -1.78812733e-01 -1.54535624e-01 -5.77163490e-02  1.60408689e-01
 -5.31682553e-03 -2.09341415e-01  4.42064768e-02 -3.79954253e-02
 -2.32714030e-01 -6.38765206e-02  1.45660835e-01 -2.78114925e-02
  2.18994062e-02  9.26993418e-02  1.49632491e-01  7.86311785e-02
 -1.77662420e-01  6.01635804e-02 -4.66476721e-02 -1.34184447e-01
 -1.07734754e-01 -3.48553216e-02  6.60413521e-02 -7.58388666e-02
 -5.36620052e-02 -2.57333453e-02 -3.84641630e-02 -2.27015944e-01
 -4.45068250e-03  1.24147855e-01 -1.07709295e-01 -3.04000841e-03
 -2.61058906e-01 -1.46500895e-01  1.89957084e-01 -6.99114501e-03
  2.17668633e-01 -9.92006044e-02  2.09843245e-01 -1.64166240e-01
 -1.80945180e-01  1.91345792e-01 -5.90909808e-02 -7.80184392e-02
 -9.21523768e-02  1.44736240e-01  2.36198672e-02 -2.14239950e-03
 -9.31761024e-02  3.71145481e-02 -8.68560335e-02  3.96330390e-02
  1.24717893e-01  9.76832943e-02  4.06642975e-04  2.35129085e-02
 -1.50576654e-01 -2.20141908e-01  2.62338429e-01 -1.65802344e-01
  2.02356281e-01  1.56085626e-01 -3.59994114e-03 -4.09592929e-02
 -1.71576540e-01 -3.82694253e-02  4.30057921e-02 -1.12539976e-01
  4.12719097e-02 -3.31978073e-02  1.34196197e-01  9.61751877e-03
 -1.31419411e-01  5.81287808e-02  6.60308023e-02 -1.02591127e-01
 -7.17444017e-02  9.84672483e-02 -9.30280169e-02  1.07114774e-01
 -1.27360639e-01 -3.26021306e-03  1.93068305e-01 -2.29628516e-01
  6.81150634e-02  2.52646232e-01  1.05356198e-01 -4.77426720e-02
 -1.50994800e-01  1.38021287e-01 -8.23371086e-03 -1.77561769e-01
 -1.00110730e-01  2.34045181e-01 -1.79853511e-03 -1.80199279e-02
 -2.38727829e-01  2.76400109e-02 -6.51363273e-03 -4.63134416e-02
 -5.82415160e-02  1.89548630e-01 -8.58132076e-02  2.04968496e-03
 -1.38114977e-01 -8.06597514e-02 -4.85216753e-02  1.42892451e-01
  7.10116795e-02 -1.41779582e-01  2.52285973e-02 -9.92492886e-02
 -1.75633943e-01 -1.24367346e-01 -1.13600628e-02 -8.92559796e-02
 -1.24410221e-01  2.57995869e-01  1.34849503e-02 -2.11272979e-02
 -2.58425842e-01 -7.02693240e-02 -3.30179540e-03  7.45581393e-02
  2.99949709e-02  9.18715385e-03 -2.47230653e-02 -1.13930672e-01
 -7.41665807e-02 -4.01401842e-02 -5.51623696e-02  1.87527406e-01
  1.60473886e-02 -1.25661065e-01 -6.38326738e-03 -8.05525780e-02
 -2.31789617e-01  1.55629350e-01 -1.89447311e-01  2.02751688e-01
 -3.51936553e-02 -1.78482199e-01 -4.33926015e-02  1.27385979e-01
 -2.27916907e-01 -2.04687308e-02 -3.24083533e-02 -4.04514161e-03
 -9.15945394e-02  1.65642544e-01 -1.17891112e-01 -1.41444609e-02
 -7.90725136e-02 -1.27070678e-01 -1.83187097e-02 -4.24228279e-02
  1.01398284e-01 -1.15621566e-01  1.47911859e-01  1.02799127e-02
 -1.99644566e-01  3.05190463e-02  3.08221817e-02  4.85780729e-02
 -1.53086430e-01  7.32965208e-02 -2.05699238e-02  1.70893303e-01
 -1.54233423e-01  9.67042545e-03  9.26046196e-02 -1.85398066e-01
 -1.38344845e-01  1.33055615e-01 -2.81330040e-02 -5.41945605e-02
 -2.63316154e-01 -2.34214993e-01  4.03277412e-03 -4.83755718e-03
  1.37383459e-01  1.01826032e-01  4.62233693e-02 -1.15135363e-01
 -8.91293255e-02 -1.31277596e-01  9.20142507e-02  4.89078889e-02
  2.13621488e-01 -1.68900333e-02  8.80831824e-02 -9.06851749e-02
 -1.36232726e-01 -2.47714456e-01  1.50873175e-01  1.48639679e-01
  1.66586320e-01 -7.65359290e-02  2.11534704e-01  4.00316908e-02
 -1.31507009e-01  1.79720679e-03  2.42546735e-01 -2.20528617e-01
 -1.67266056e-02  1.32238885e-01  1.55262187e-01 -5.48661776e-02
 -1.07728720e-01 -1.42978159e-01 -1.22747653e-01  3.18654662e-01
  2.16760595e-01 -4.19335072e-01  9.43816489e-02 -1.45726113e-01
 -5.85424645e-02 -1.71535116e-01  1.28423599e-01  1.80113203e-01
  1.41382309e-01 -1.78140402e-01  7.15037557e-02 -3.11625927e-02
 -1.75122436e-01 -9.81715895e-03 -5.46848227e-02  3.41549209e-01
  3.96156055e-02 -2.00058055e-01  6.17219900e-02 -9.42544500e-02
 -2.18975029e-01  1.76867268e-05 -2.01892433e-02 -1.07177954e-01
  1.43737537e-01  6.98321977e-02  1.12420574e-01 -6.46238906e-02
 -1.99117882e-01  1.74516677e-01  6.19070668e-02  1.47962686e-02
 -1.53540028e-01 -3.32942494e-03 -4.72596638e-02  3.31411710e-02
 -6.56653296e-02  8.10040899e-02  2.23729245e-01 -3.84603586e-01
 -1.20565861e-02  3.96698614e-01  2.29381628e-03  1.33527692e-01
 -1.55187986e-01 -1.80208660e-01  4.14918022e-02  3.17931863e-01
  2.48472067e-01 -2.43256879e-01  1.68277254e-02 -1.70260944e-01
 -9.96172338e-02  9.26413670e-02 -2.49539060e-03  1.11301330e-01
  1.02336860e-01  2.11872001e-03  9.60186680e-02 -1.16640057e-01
 -8.56027052e-02  1.80662615e-01  3.69525757e-02  7.51252206e-03
 -2.25601751e-01  2.22142042e-03  2.55043959e-03  1.33554457e-01
 -1.73299119e-01 -3.47833106e-02 -7.12144278e-02 -5.98890585e-02
 -1.34262175e-01 -8.99439740e-02  2.29962084e-02 -5.79254607e-02
 -6.25252353e-02 -3.95497107e-02 -3.26824626e-02  1.71596212e-01
  2.20063170e-01 -2.76775392e-01 -5.97132994e-02 -1.51653960e-01
 -4.53255225e-02  3.46793277e-02  1.88428647e-02  3.27727756e-04
  1.14943798e-01 -1.39595591e-01 -7.20535691e-02  3.70652094e-02
 -1.50280598e-01 -2.39302952e-01  2.17968560e-01 -1.69868782e-01
  2.44857582e-01  7.61702689e-02  6.58109829e-02 -1.32894296e-01
 -2.03851678e-01  1.76937856e-01 -8.01212802e-02 -1.50252128e-01
 -1.66847297e-01  2.36660990e-01 -1.42017482e-01  5.12693586e-02
 -9.13317188e-02  3.85658364e-03 -8.47618243e-03 -7.22511743e-02
 -5.02739588e-02  3.36585491e-02  8.18798389e-02 -6.62212128e-02
 -2.11586619e-01 -1.02722599e-01 -4.89024410e-02  1.87524500e-01
  2.37445517e-01 -1.74891993e-01  3.15358401e-02 -3.16854519e-02
 -1.08078817e-01 -8.42262000e-02 -1.73349442e-02  2.50317583e-02
 -1.16511446e-01 -6.74157627e-02 -6.79976266e-02 -3.80486420e-02]
parameter:1
dims:[(7, 101)]
name:coefficient
values:[-1.27189321e-01  5.20788180e-02 -1.19498604e-01  1.48667918e-01
 -3.66207222e-02 -1.51632131e-01 -3.61176738e-01  2.40607179e-01
 -3.90882117e-02  1.21324788e-02 -3.21629089e-01 -7.41322721e-02
  2.01681617e-01 -2.85036697e-01  2.01329676e-01 -1.33754597e-01
  5.48965716e-01 -4.08373247e-01 -2.77114493e-01 -7.89692365e-02
  1.31082853e-01  2.38722652e-01  1.77348372e-01 -2.35600503e-02
 -7.79658176e-02 -1.50127784e-01  1.96150912e-01 -1.57136777e-01
  1.60868192e-01 -2.53193630e-02  6.91372111e-02  2.77070681e-01
  4.31508858e-02  1.09219789e-01 -1.18743156e-01  2.28517713e-01
 -2.07863220e-02 -3.11870635e-01 -1.05242541e-01 -7.33423576e-02
 -2.07565438e-01 -9.19526801e-02  1.50658288e-01 -3.50961353e-01
  2.08174578e-01 -4.93243454e-02 -2.74954951e-02  2.80598697e-01
 -2.43451656e-01 -1.28087911e-01 -2.39347743e-01  2.83018755e-01
 -5.05433658e-02  8.62965600e-02 -7.85753385e-02 -2.34078543e-02
 -4.97644496e-02 -5.12877057e-02 -1.69536397e-02  1.06998071e-01
 -8.91411152e-02 -1.11023361e-01  2.84859344e-01 -2.72447326e-01
 -4.42960896e-02  2.49380016e-01  9.01290194e-02 -9.01545743e-02
 -1.68650473e-02 -1.88949294e-01 -1.55994942e-01  1.30372397e-02
 -3.50374809e-02 -7.59327611e-02 -3.22183099e-02 -2.12856244e-01
 -1.81796468e-01  4.96532533e-02 -1.03550682e-01 -2.09564308e-01
  1.33649096e-01  1.47342327e-01  3.00386378e-01  6.92492044e-02
  2.86063979e-01  2.32449296e-01  1.05028603e-01  5.56240980e-02
 -2.46488316e-01 -1.38273235e-01  2.78874527e-01 -8.94260607e-02
 -1.93451751e-01 -1.13916527e-01  1.10489111e-01 -5.11080657e-02
  2.53779990e-01 -3.16861850e-01 -4.87658336e-02  1.94666405e-01
 -4.61606636e-02 -1.73198960e-01 -1.05030031e-01 -1.46527655e-01
 -8.93322464e-02 -1.52979931e-01 -1.89846910e-01 -7.62282183e-02
 -8.85459410e-02 -3.50751040e-02 -1.03220814e-01 -9.91716479e-02
 -1.91253392e-01 -1.26100471e-01 -2.05248384e-01 -1.39188307e-01
 -2.31567685e-01 -1.01237309e-01 -1.64829693e-01 -1.69094861e-01
 -1.25015112e-02 -9.76039980e-02 -4.05608136e-02 -1.30455122e-01
 -7.25968773e-02 -2.22567140e-01 -9.25091482e-02 -2.17340368e-01
 -1.06389132e-01 -3.23878268e-02 -1.58097102e-01 -1.94335918e-01
 -2.17705228e-01 -5.30979627e-02 -4.75085651e-02 -7.91013630e-02
 -8.84213859e-02 -1.72723590e-01 -7.27787988e-02 -9.50330887e-02
 -2.35904935e-01 -2.30039465e-01 -1.47710935e-01 -4.84314424e-02
 -4.56497293e-02 -2.22147306e-01 -3.25639699e-02 -1.79686083e-01
 -9.80608529e-02 -1.44276310e-01 -5.06157829e-02 -2.31810881e-01
 -7.13063034e-03 -3.39464701e-02 -1.78956012e-01 -1.52133058e-01
 -1.38468276e-01 -2.07898935e-01 -4.86675325e-02 -1.35688958e-01
 -2.28705971e-01 -5.85588182e-02 -1.07117574e-01 -2.45696779e-03
 -2.52732152e-02 -2.35011326e-01 -1.95680373e-01 -2.03266621e-01
 -1.92169402e-01 -8.81154841e-02 -5.62998117e-02 -7.27861565e-02
 -2.32388947e-01 -1.69383694e-01 -4.19492697e-02 -2.65290404e-02
 -2.27604146e-01 -2.32633489e-02 -2.34240232e-01 -2.26190078e-01
 -6.24764966e-02 -5.45903720e-02 -2.84606389e-02 -5.40356484e-02
 -1.57829273e-01 -1.51579338e-01 -9.48956966e-02 -5.41041522e-03
 -1.11620833e-01 -1.72726818e-01 -1.22303611e-01 -2.91563794e-02
 -2.30905120e-01 -6.66240151e-02 -4.43495398e-02 -8.00301260e-02
 -2.29040819e-01 -8.18459246e-02 -1.66629772e-01 -2.16376721e-01
 -7.65773736e-02 -6.81496050e-02  2.70146578e-02 -3.55504054e-03
 -1.30969087e-01 -2.76133197e-01  5.17499253e-03 -2.36169113e-01
  1.66525598e-01 -1.56543256e-01  3.22797724e-01 -5.82308224e-02
  2.40302415e-01  9.08974025e-02 -6.54323062e-02  1.74933443e-01
 -3.54346735e-02  1.79796842e-01 -4.47732624e-01  2.43680652e-01
 -2.05701369e-03  2.56514009e-01 -7.56772695e-02 -2.08229138e-01
 -4.64838364e-02 -3.38395916e-02  1.17443573e-01  2.12017894e-02
 -1.59477912e-01  3.02346684e-01 -3.37551372e-01 -6.01179570e-02
 -1.88621983e-01 -1.91533879e-01  1.65584206e-01  1.42679077e-02
  1.11951924e-01 -1.16846992e-01  8.60044506e-02  2.56231549e-01
  1.77385967e-01 -1.68545788e-01  2.85215527e-01  3.87788535e-01
 -1.88293128e-01  3.24565654e-01  4.24811467e-02 -1.28712631e-01
 -2.76579783e-02 -1.53898184e-01  9.25499943e-02  3.16512119e-02
  1.74406926e-01 -1.19653578e-01 -1.96125405e-01 -4.16093428e-01
 -7.00562043e-03 -1.30394179e-01  6.46076881e-02  6.47023168e-02
 -3.24542678e-01  9.88332074e-02  6.08564590e-02  9.90768505e-02
 -2.30684055e-01  6.02195620e-02 -1.64562425e-02  4.97151602e-02
  1.92657260e-02  1.08350610e-01  1.50399834e-01  2.60936544e-01
  5.67798118e-02 -2.27824442e-01  1.75502161e-01 -1.65515312e-01
 -1.77919059e-01 -1.64877112e-01  7.56321919e-02 -1.81526980e-01
  1.76550783e-01  2.36670542e-02 -5.73452202e-02 -1.65360091e-01
 -1.37633436e-01  1.10469322e-01 -4.28505348e-01 -1.94205498e-01
 -2.39149942e-01  8.75070573e-03  6.89122705e-04  3.78805383e-01
 -3.76577688e-01 -1.92455389e-01  1.84386209e-01 -5.26418075e-02
 -3.46592077e-01 -1.31122031e-01 -1.06118618e-01  1.82796726e-01
  3.77720447e-04 -2.83296645e-01 -9.75154684e-03 -2.39385600e-01
 -2.11044482e-01 -4.46532552e-02 -1.25583648e-01 -2.22643349e-01
 -1.06266974e-01 -2.06747789e-01 -4.56876575e-02 -2.57839213e-01
 -6.73590551e-02 -1.93424104e-01 -2.03417696e-02 -2.14291284e-01
 -5.67078041e-02 -5.80681620e-02 -1.34296746e-01 -1.41346666e-02
 -4.29696732e-02 -2.05982926e-03 -2.40352166e-01 -6.19033864e-02
  6.34967441e-03 -3.19330988e-02 -1.90493060e-01 -1.59261499e-01
 -1.64856272e-01 -8.78412463e-02 -1.08340833e-01 -1.61817254e-01
 -4.38212657e-02 -6.56001617e-03 -4.37867298e-02 -2.57887779e-02
 -1.40410249e-01 -8.74801244e-02 -1.05854124e-01 -1.33306261e-02
 -7.02413335e-02 -6.03603488e-02 -8.72277673e-02 -1.82089255e-01
 -2.16112337e-01 -1.20276414e-01 -1.43523208e-01 -7.81254952e-02
 -1.62764386e-01 -1.50591358e-01 -1.57722126e-01 -2.59316080e-02
 -2.04340809e-01 -1.93633490e-01 -1.91023541e-01 -6.43124161e-03
 -1.19909765e-01 -6.12673452e-02 -1.65942647e-01 -1.94648700e-01
 -6.80668211e-02 -1.24430146e-02 -2.00688329e-01 -1.07409786e-01
 -1.56218345e-01 -1.00324186e-01 -5.93981325e-02 -1.38917734e-01
 -1.21110526e-01 -9.18738834e-03 -1.84241377e-01 -1.85664396e-01
 -4.03171699e-02 -1.15836704e-01 -1.51747983e-01 -1.83254968e-01
 -8.73933377e-02 -1.30864147e-01 -2.06402272e-01  3.67289763e-03
 -2.01727650e-01 -6.09213951e-02 -1.05279497e-01 -3.11515088e-02
 -1.47501221e-01 -1.54615964e-01 -3.12282025e-02 -7.79492171e-02
 -2.34625519e-02 -1.72758708e-02 -1.48605831e-01 -9.37518221e-02
 -5.50951096e-02  3.36731848e-03 -1.16547735e-01 -2.16718483e-01
 -1.21516225e-01 -9.61274759e-03 -1.82589301e-01 -6.72682355e-02
 -3.73283570e-02  9.87417310e-05 -5.70012408e-02 -1.55626896e-01
 -7.42224364e-02  2.57348848e-02 -1.24208634e-01 -1.18588281e-01
 -1.49427811e-01 -2.46078246e-01 -2.24029067e-01  2.54500048e-02
 -5.22311964e-02 -8.35882770e-02 -2.08421341e-01 -1.49946845e-01
 -9.02027651e-02 -2.30400013e-02 -1.00031350e-03 -1.25931832e-01
 -1.03771894e-01 -1.81726547e-01 -1.16461617e-01 -9.72242978e-02
 -1.96274302e-01  2.23385234e-02 -1.31614192e-01 -7.80167492e-02
 -5.35740561e-02 -2.31610030e-01 -2.63390033e-02 -2.03107322e-01
 -6.60785924e-02  1.68303771e-02 -1.81772308e-01 -9.71325460e-02
 -5.48965696e-02 -1.57291821e-01 -1.46694510e-01 -2.79606161e-02
  2.10019138e-02 -2.12177833e-01 -8.40591554e-03 -5.76855628e-02
  1.34244223e-02 -6.78622544e-02 -1.58150607e-01 -1.49507483e-02
  6.80262214e-02 -1.34144258e-01 -1.53902480e-01 -7.09624017e-02
 -1.40924108e-01  7.95296366e-03 -2.10717547e-01 -1.52871176e-02
 -6.99335486e-02  1.91332498e-02 -1.45555360e-01  2.32934934e-02
  4.11509952e-02 -1.13064040e-01 -9.92087099e-02 -3.41291353e-02
 -4.94739042e-02 -3.38158062e-02  8.69429836e-02 -1.36403088e-01
  1.10005126e-02  4.27025590e-02 -1.27984920e-01 -2.14665296e-01
  2.90122301e-02 -2.19229040e-02 -1.53376325e-01 -1.73029378e-01
 -1.51980369e-01  2.50362049e-02 -3.18189968e-03 -9.53463508e-02
 -3.69623961e-03  5.75128384e-02 -2.13411699e-01 -2.61507402e-02
  6.51299650e-02  8.09371738e-03  3.39662343e-02 -6.96569069e-02
 -9.49101670e-02 -1.23476464e-01 -1.74516694e-01 -1.44873163e-01
 -1.26970482e-01  2.68657420e-02 -1.27644985e-01  7.48642533e-03
 -8.50200232e-02 -1.60530490e-01 -1.76780902e-01  1.91929145e-02
  4.87196932e-02 -2.25890904e-01 -1.07363747e-01 -1.28594686e-01
 -1.94049060e-01 -1.53418975e-01 -1.50312236e-02  9.52428397e-02
  1.70150470e-01  9.55293005e-02  3.85890535e-01  6.09808210e-02
 -3.08837100e-01 -3.94067614e-01 -1.81121429e-02 -1.87332307e-01
 -1.75889444e-01 -2.13439160e-01  6.74230490e-02 -1.51512917e-01
 -3.26025585e-01 -2.49801360e-01 -8.67355159e-03  2.23272599e-01
 -4.25981765e-01  1.40942350e-01 -1.23717634e-01  1.41390998e-02
  1.33016166e-01 -1.29072986e-01  5.91208843e-02 -2.06144938e-01
 -2.66804785e-01  4.87762935e-02  2.42384528e-02  5.33172326e-02
  9.87632097e-03  3.22786577e-02 -1.89606445e-01 -7.05569237e-02
 -1.78478521e-01 -3.72416387e-01 -1.06326848e-02 -2.96630603e-02
  6.27157099e-02 -3.69091651e-01 -4.16431544e-01 -1.43568553e-01
 -1.28062057e-01 -1.16777538e-01 -8.42527959e-02  1.64377473e-03
 -1.96374786e-01  8.06642356e-02 -1.01582430e-01 -1.24968252e-01
 -7.98834273e-02 -2.01741577e-02  3.46928973e-01 -2.56194623e-01
 -1.66001845e-01 -7.16540373e-02 -1.58982904e-01  4.52815128e-02
 -1.67232903e-01 -3.72522247e-02 -2.07732311e-01 -1.41460606e-01
 -4.47180065e-02  1.55551360e-03 -3.89624693e-01 -9.63354523e-02
 -1.62196673e-01 -3.60737709e-01 -1.12950428e-01 -1.69769813e-01
  6.05984531e-02 -1.99665904e-01 -1.74435223e-02  1.85260704e-01
  2.81425073e-01 -4.12353104e-02 -1.71758164e-02  6.44636471e-02
 -2.45446647e-01 -1.62505059e-01 -8.06198460e-02 -2.29197305e-02
 -3.63445461e-01  3.42570123e-01  6.29105618e-02  2.94772049e-01
 -1.41818085e-01 -2.24223792e-02 -5.30740585e-01  1.77723057e-01
  5.75695188e-03  1.04738362e-01  3.28518036e-02  1.14975622e-01
  6.65514442e-02 -3.94783644e-01 -1.49835432e-01 -4.09118429e-02
  1.03899543e-01  5.47351482e-02 -1.59596293e-01 -9.72960596e-02
 -1.17601483e-01 -3.05408002e-02 -1.42524082e-01 -3.67041136e-02
 -1.11652018e-01 -1.25221524e-01 -1.94001448e-01 -5.57960346e-02
 -2.01556878e-02 -1.03778854e-01 -1.96917622e-01 -1.43387342e-01
 -2.48061040e-01 -1.99681535e-01 -2.94974922e-01 -1.36515503e-01
 -5.77755012e-02 -8.95646573e-02 -1.08352160e-01 -5.94732595e-02
 -2.22255646e-01 -2.33665184e-01 -5.54461431e-02 -6.20286588e-02
 -2.74100719e-01 -1.44117709e-01 -1.01559662e-01 -1.12578523e-01
 -6.70566925e-02 -1.41378295e-01 -1.56801176e-01 -2.61835678e-01
 -1.46663084e-01 -9.60562911e-02 -3.55780602e-02  3.80614304e-02
 -1.18509652e-01 -1.79076421e-01 -1.99655811e-01 -2.16433025e-01
 -7.32547079e-02  2.98986727e-02 -4.53403501e-02 -4.80212169e-02
 -1.19141567e-01 -9.33323990e-02 -1.22483456e-01 -1.74716386e-01
 -7.66930275e-02 -1.79684789e-01 -9.72479659e-03 -4.68953609e-02
  6.98301301e-03 -1.75640150e-01 -6.48243393e-03 -2.21933955e-01
 -1.12285605e-01 -1.72834458e-01 -1.11529766e-01  1.39277510e-02
 -5.42997792e-02 -1.43198128e-01 -9.50800004e-02 -6.53367273e-02
 -1.75494792e-02 -8.39678619e-02 -9.26527517e-02 -4.68682767e-02
  1.18576432e-02 -1.92982438e-01 -3.04765408e-02 -1.41067235e-01
 -1.61585524e-01 -6.38636044e-02 -1.20034734e-02 -2.45631871e-01
 -1.76581547e-01 -1.14326132e-01 -2.05792223e-01 -8.73718493e-02
 -2.52086121e-01 -1.79903481e-02 -4.18645337e-02 -1.26587128e-01
 -4.44969410e-02 -7.80854012e-02 -1.30039747e-01 -6.96138896e-02
 -2.29337379e-01 -1.72716137e-01 -4.30370707e-03 -1.87131652e-01
 -9.98447292e-02 -1.61466501e-02 -8.70735246e-02 -3.36578031e-02
 -5.71230855e-02 -5.52095608e-02 -5.09404209e-02]
