num_layers:4
parameter:0
dims:['7', '5']
name:coefficient
values:[-0.4374607065903235, 0.2609160320906974, -0.6524876347413584, 1.8056973963856782, 0.549608999761456, -0.37245438861768676, 0.8074548119933915, -0.752370610934917, 2.305336165142748, 0.5426425459097448, -0.40135160888131144, 0.33250757745654275, -0.5976383268195393, 2.093229860744903, 0.5028695763391692, -0.4015881024167802, 0.687942099733709, -0.7678254221881416, 2.2051655778423433, 0.5169701349138749, -0.0704768145366747, 0.21637274150847022, 0.8117406928952345, 1.2303576990316423, -1.545514556193677, -0.3890742535420325, 0.8396567824325333, -0.7569679550402507, 2.2183432157845235, 0.5480718788777401, -0.13033351475212715, -0.8261258793112528, -0.05465488085141307, 2.5004622971353725, -0.02018640602967683]
parameter:0
dims:['7']
name:intercepts
values:[-0.1688862397104983, 0.21889965542245163, -0.0015134759479099058, 0.1541083953539433, 0.9062931765793623, 0.2026741259511973, 0.9757876800251378]
parameter:1
dims:['7', '7']
name:coefficient
values:[0.5806685769583257, 0.328820325146934, 0.482289096022653, 0.3799221050163405, -1.2214282819685105, 0.32594328302697934, -0.28598195645024266, 0.5641393843313908, 0.530755953880704, 0.6622036583062139, 0.5806486306343008, -1.2360439571183095, 0.5062386590148746, -0.3801235094933123, 0.6841235450496456, 0.38003524964234525, 0.5228243936096293, 0.44723669039178665, -1.400401495562981, 0.2990607589326167, -0.41718078542702985, 0.9000783315569515, 1.5271956744711912, 1.1776853333238066, 1.3729882636836264, 1.9386183581884684, 1.3599506659423253, 1.8840469914802838, 0.8015542259565238, 0.863624098122896, 0.7122288276776483, 0.9447856781017085, -0.9448137147337355, 0.8808685762747901, -0.2533171451619554, 0.8795142923334834, 1.222063725251958, 1.015275042170238, 1.160580862389156, 0.7531016095731141, 1.2714922323304712, 1.0037626389620338, 0.8360923924366829, 1.3306755024727348, 1.0941031056953245, 1.1880745879473231, 1.2137468376442975, 1.2705687410398163, 1.4351163548527204]
parameter:1
dims:['7']
name:intercepts
values:[0.5564706148484906, 0.2814555483939256, 0.6099464114655052, -2.012970881642055, 0.097603073694547, -0.8417428440433827, -1.2622258144333047]
parameter:2
dims:['7', '7']
name:coefficient
values:[-0.1548873123857898, 0.1637088500864784, -0.17030336318692366, 1.5092198200738465, 0.7040576511989658, 1.1802278838174054, 1.213431222483665, -1.187657509615264, -1.1207732899736267, -1.300734127828751, -0.9472622000889758, -1.064758565508578, -1.0359639291836347, -0.9440404530269574, 0.8725152717244957, 0.8161805163086199, 0.8134868516064802, -2.5622575175904436, 0.34031218170296673, -1.204759973253339, -1.6407478557144304, -1.2259133287070028, -1.138817874614731, -1.2332376225128912, -0.8798081031274465, -1.0525817548083813, -0.9669074279401512, -0.9066059696687038, -0.9940425615299485, -0.39671196691946825, -0.9794756766457365, 1.3112877851809164, 0.10323174577005223, 0.653872832301763, 0.9250775914630676, -1.8270504582853422, -1.8412918567594716, -2.097790871172241, 2.0850399016888184, -1.6995347873447149, 0.42790025184726777, 1.0506390062645374, -1.278305883983318, -1.1410368572423109, -1.187724551093657, -0.8873526883333858, -1.1754679630094416, -0.97879242075189, -0.8603213515262533]
parameter:2
dims:['7']
name:intercepts
values:[-3.7164573249287884, -2.513254697391472, 2.200644857059725, -2.2448590632814835, -4.80336235435685, -1.188352879330832, -2.1787730115768653]
