num_layers:2
parameter:0
dims:['7', '8']
name:coefficient
values:[ 1.040684   -3.43488895 -0.17941319 -0.50123604  1.06735655  0.89707988
  0.19036295  0.37368073 -1.19961218 -0.85000711  0.62597369  0.30501871
  2.66783243 -1.4664639   0.5579712  -0.32780163 -2.35367502  0.06348501
 -0.70860517 -2.25539657 -0.32160478  2.4114893  -0.69086722 -0.33958035
  2.11989863 -0.02992107  0.26553741 -1.25477476 -0.27661681  2.1558851
 -0.9103575  -0.62484315  2.71276023  0.60036609 -0.16748976 -0.28019536
 -0.31126832 -3.09250105 -0.29148767  0.46025918 -1.62945697 -0.77665248
  0.36982029  0.38916288 -3.39258411 -0.36064891 -0.02673621 -0.90974793
 -2.46256526  0.37542032  0.1796325   0.0749824   0.33061559 -0.24060465
 -0.349716    4.84337612]
parameter:1
dims:['4', '8']
name:coefficient
values:[-2.04838891  2.5953158  -2.1602937  -1.47651303  1.49485798  3.06826416
 -1.42884598 -1.4066981  -0.6793268  -2.93557949  3.55540862  2.48560195
 -1.01291596 -3.3914255   3.06791524  2.83306655 -4.74940597  0.67798895
  1.58482696 -1.88915613  1.25601751 -0.23341944 -2.24836047 -2.78837845
 -0.21290384 -1.4604705  -1.52930464 -1.59915257 -3.15471464  0.96410353
 -0.32452287 -1.40870003]
