num_layers:3
parameter:0
dims:['7', '5']
name:coefficient
values:[-0.12810667717652083, 1.361115732196846, -0.15997316626119157, -0.20595411091335605, 0.43359193198436496, -0.4034055799312691, 0.7729140007732708, -0.5987766006021376, -0.47152040310823706, 0.9625186448181154, -0.2547801572807296, -0.8962796355581196, -0.30421505986204445, 2.9427946293904848, 0.3437499662835387, -0.6002072458214894, -0.5193884221064576, -0.4733912456107527, -0.11993315080458464, 1.4844437338319836, 0.3558580222901162, -0.2607440096780079, -0.42768786742012754, 2.8398657468372854, 1.6362589451651732, 0.4851274135092705, -1.025612015483991, 1.51362377330308, 3.4010589100427615, -1.1069086095521403, 2.201149247948504, -3.6552545865328314, 3.831504719890675, 4.753022857413484, -0.9222487136144849]
parameter:0
dims:['7']
name:intercepts
values:[3.2916556827861396, 1.809938072455994, 1.226682091121886, 1.2863790172510676, -2.9061301327534963, 1.3594369110077367, -1.757047478141743]
parameter:1
dims:['7', '7']
name:coefficient
values:[0.3743013893845686, -0.4027834634416992, 2.429481538831804, -0.1187936404483751, -2.110278587096195, 2.478710495189351, -2.8854167614973814, -0.9965224141644615, -0.8387938476103842, -0.4631022873968864, -0.7817127779994524, -0.23677936839412944, -0.7037831217498609, -0.47633220788314773, 1.2429628997765982, 1.0908913270608036, -2.4439953637171112, 1.0284715942645168, 2.2932315522195634, -3.240746464651722, 4.031335631638077, -1.1575497464944318, -0.965184720878724, -0.44445819916182355, -0.8626137599374115, -0.2522561248705616, -0.8041206064646956, -0.5541604739154877, -0.4575275730399501, -0.19450587249136078, 1.9777913487358885, -0.07953700933039029, -1.6772299591582485, 1.1096076938604602, -2.0688339656019883, -1.6963778165750336, -1.3954882686115682, -0.39213749945337284, -2.1041059294730258, -0.5841809473279258, 2.293793979454993, -1.3395918277925016, -1.1649783382630607, -0.9767744536625027, -0.4412346821743298, -0.8691416423079467, -0.2513603556305011, -0.8147692331037019, -0.5599991432974976]
parameter:1
dims:['7']
name:intercepts
values:[-2.0138799648099317, -4.422517622247143, -1.016940797725518, -3.810858332559423, -4.6649279977542495, -0.3061495425895637, -3.7795736766327384]
