num_layers:3
parameter:0
dims:['7', '7']
name:coefficient
values:[-0.6418273853973505, 3.2188375598151464, -1.9889076003875623, 0.9119680220466057, 0.8025924197075116, -0.01954571384560492, 2.4397628167306924, -0.1003035164888822, 1.2329922501827952, -0.16430939755209714, -0.03529169034395877, 0.5493874614238233, -0.3369625719307264, -0.32645801927307555, -0.09168944334811449, 1.5915042934787846, -0.7537554548810141, -2.9673979055548863, 2.384481498515557, 0.26787354281884274, -0.14269589853597922, 0.014159686591778124, 1.907786361208326, -1.0221460166831562, -0.3952300736717378, 0.6370609648318353, 1.2336143733818725, -4.95163557070878, 0.35990264954356205, -0.7694930471262601, 0.9220126196209019, -0.7139949316914365, 0.6165994908209749, -3.7532709029290787, -0.3924652383573006, -0.08628727847375127, -0.46455236803608035, -0.1969254343421743, 3.8747777029577892, 0.41154514039681767, -0.6042917404113333, -0.01743296979264009, 0.17742442060950928, 1.339519796459059, -0.2700967569257192, 0.0658711467672048, 0.4825262099401756, -0.7112274416890513, -0.14610381901407207]
parameter:0
dims:['7']
name:intercepts
values:[0.77666203534903, 3.2575105775731377, -2.5386457934768907, 1.7200281733375307, 2.3577347571291587, -3.14247459822142, 2.696543798204924]
parameter:1
dims:['7', '7']
name:coefficient
values:[3.6678823239747413, -0.7078982067277484, -2.5588683506078618, 2.955953507083159, 1.2433146367049492, -1.9654551331742713, -1.1777068002118187, -0.6866337564291709, -0.895098866424339, -0.2663150165206071, -0.4774116988390241, -0.8319851452701695, -0.3095134935208937, -0.8666474929878518, -4.4460887512067355, 2.1311342197144425, 3.382301975623557, -3.7540057494593415, -1.5494889194867247, 3.0859545226470924, 2.258269533330045, -0.7847056328808216, -1.0171180221266556, -0.29223264566395507, -0.4414327752093722, -0.9642060259810801, -0.3430811508116768, -0.9993664350311688, 0.5800088358697156, -0.4467838239941493, -1.0758208541098642, 2.213493012447266, -2.2916321268980697, -1.7214633870785057, -0.5555534861113461, -0.3856002794824146, -0.9671889364003422, -3.007169706137458, -0.201648192194562, 1.5157614637724888, -2.405742402927697, -0.6647133961617672, -0.7889795478200738, -1.026871553673986, -0.2986136902490942, -0.44549284876747614, -0.975640695785207, -0.3417000143325438, -0.9951458735723796]
parameter:1
dims:['7']
name:intercepts
values:[-2.139846154702044, -4.605405623177284, 0.052361201077316, -4.032746305001342, -3.8014754815016603, -1.4065778081038043, -4.012045054968271]
