num_layers:3
parameter:0
dims:['7', '5']
name:coefficient
values:[0.2631181921827995, -0.12592862137696148, 0.6523571826137362, 0.16798066973696554, 0.4864326384750546, -0.37753698092225996, 1.367514431453671, -0.4424494820229966, -0.1846386786422165, 0.6534452225396293, -0.5142588316794486, 0.35082802903901905, -0.541744579923917, -0.46653449267594016, 1.2099176151328421, -0.43925259480690965, -2.362865054297295, 0.2598602521114543, 3.0853062821152903, -0.5563330308618226, -1.5226503130203104, 5.103053554513621, -3.35506992504195, -4.014175919513372, 1.7003396204185166, -0.3624280996465606, 0.4774365025590595, -0.9364737329869164, -2.4172016726155863, 2.6271789511252366, -0.4948382762055126, -0.4622067982837493, -0.7414950110165777, -0.1579160343777682, 1.4459037580259253]
parameter:0
dims:['7']
name:intercepts
values:[1.9043855521438493, 3.050582550455389, 1.6724622828073517, 2.332389544117901, 1.1101419609199479, -1.0987112215913073, 1.288589385719572]
parameter:1
dims:['7', '7']
name:coefficient
values:[-0.17037731257204647, 0.39687087272441596, -0.43661561944278626, 2.7255426146883512, 3.3634296762749503, -2.157320195867516, -0.11880321878895851, -1.0177721106091098, -0.8868459323077242, -0.6843611724744708, -0.5051858373010162, -0.5920274753493456, -0.29706779116964316, -0.5015087569406325, 0.5911959329799495, 1.2171169148048964, 1.3292383152686582, -3.1390081294449055, -4.496404518831696, 2.590384793164098, 0.6774387952170978, -1.2377146748593446, -1.0364250615548711, -0.7789754023193339, -0.34035918817707655, -0.6681788350134954, -0.3247010214187772, -0.45898822662970495, -1.148565949241154, -0.3826388523199006, 0.06467831089691907, 1.2974685867098186, 1.9997162678309466, -2.096916072292571, 0.4186697714609814, 0.5624719820323489, -1.8193271885755418, -1.6321929591650857, 0.48747912144832983, 1.6069663864286405, -1.271542316764783, -2.2683353844106593, -1.2346676694316516, -1.0374743346845174, -0.7909950577266173, -0.34935129055921393, -0.6715722584344834, -0.3197139388930148, -0.4608725449242142]
parameter:1
dims:['7']
name:intercepts
values:[-3.411196010643746, -4.15234495688088, 0.9414283340541476, -3.6167269784967346, -4.8382590850802805, -0.6767916413093371, -3.59897897130552]
